0.000200
0.000189
0.000164
0.000170
0.000166
0.000130
0.000140
0.000146
0.000140
0.000130
0.000151
0.000116
0.000157
0.000170
0.000131
0.000176
0.000191
0.000126
0.000177
0.000144
0.000137
0.000089
0.000113
0.000127
0.000101
0.000119
0.000148
0.000156
0.000164
0.000166
0.000153
0.000171
0.000170
0.000153
0.000157
0.000164
0.000171
0.000174
0.000186
0.000153
0.000172
0.000173
0.000175
0.000187
0.000182
0.000189
0.000179
0.000156
0.000170
0.000184
0.000156
0.000171
0.000181
0.000163
0.000185
0.000167
0.000165
0.000163
0.000172
0.000127
0.000130
0.000134
0.000133
0.000143
0.000119
0.000128
0.000118
0.000135
0.000139
0.000123
0.000140
0.000115
0.000115
0.000117
0.000113
0.000078
0.000073
0.000122
0.000091
0.000080
0.000075
0.000084
0.000078
0.000111
0.000077
0.000100
0.000116
0.000111
0.000089
0.000130
0.000134
0.000128
0.000137
0.000128
0.000139
0.000128
0.000122
0.000138
0.000125
0.000110
