0.000157
0.000167
0.000193
0.000170
0.000187
0.000148
0.000131
0.000116
0.000098
0.000104
0.000144
0.000159
0.000131
0.000141
0.000162
0.000176
0.000147
0.000109
0.000154
0.000122
0.000149
0.000124
0.000101
0.000119
0.000106
0.000109
0.000139
0.000126
0.000126
0.000175
0.000154
0.000157
0.000153
0.000169
0.000144
0.000164
0.000182
0.000163
0.000158
0.000164
0.000192
0.000163
0.000157
0.000159
0.000173
0.000178
0.000178
0.000151
0.000163
0.000153
0.000169
0.000173
0.000160
0.000151
0.000156
0.000175
0.000179
0.000151
0.000169
0.000136
0.000112
0.000116
0.000127
0.000119
0.000113
0.000107
0.000137
0.000128
0.000119
0.000109
0.000126
0.000124
0.000116
0.000118
0.000119
0.000111
0.000105
0.000097
0.000101
0.000099
0.000082
0.000069
0.000079
0.000089
0.000105
0.000071
0.000113
0.000102
0.000093
0.000095
0.000153
0.000140
0.000112
0.000112
0.000136
0.000125
0.000135
0.000148
0.000139
0.000120
